<!DOCTYPE html>
<html>
<head>
<meta http-equiv="Content-Type" content="text/html; charset=utf-8"/>

<title>Raporty tabelaryczne w R</title>

<!-- Styles for R syntax highlighter -->
<style type="text/css">
   pre .operator,
   pre .paren {
     color: rgb(104, 118, 135)
   }

   pre .literal {
     color: #990073
   }

   pre .number {
     color: #099;
   }

   pre .comment {
     color: #998;
     font-style: italic
   }

   pre .keyword {
     color: #900;
     font-weight: bold
   }

   pre .identifier {
     color: rgb(0, 0, 0);
   }

   pre .string {
     color: #d14;
   }
</style>

<!-- R syntax highlighter -->
<script type="text/javascript">
var hljs=new function(){function m(p){return p.replace(/&/gm,"&amp;").replace(/</gm,"&lt;")}function f(r,q,p){return RegExp(q,"m"+(r.cI?"i":"")+(p?"g":""))}function b(r){for(var p=0;p<r.childNodes.length;p++){var q=r.childNodes[p];if(q.nodeName=="CODE"){return q}if(!(q.nodeType==3&&q.nodeValue.match(/\s+/))){break}}}function h(t,s){var p="";for(var r=0;r<t.childNodes.length;r++){if(t.childNodes[r].nodeType==3){var q=t.childNodes[r].nodeValue;if(s){q=q.replace(/\n/g,"")}p+=q}else{if(t.childNodes[r].nodeName=="BR"){p+="\n"}else{p+=h(t.childNodes[r])}}}if(/MSIE [678]/.test(navigator.userAgent)){p=p.replace(/\r/g,"\n")}return p}function a(s){var r=s.className.split(/\s+/);r=r.concat(s.parentNode.className.split(/\s+/));for(var q=0;q<r.length;q++){var p=r[q].replace(/^language-/,"");if(e[p]){return p}}}function c(q){var p=[];(function(s,t){for(var r=0;r<s.childNodes.length;r++){if(s.childNodes[r].nodeType==3){t+=s.childNodes[r].nodeValue.length}else{if(s.childNodes[r].nodeName=="BR"){t+=1}else{if(s.childNodes[r].nodeType==1){p.push({event:"start",offset:t,node:s.childNodes[r]});t=arguments.callee(s.childNodes[r],t);p.push({event:"stop",offset:t,node:s.childNodes[r]})}}}}return t})(q,0);return p}function k(y,w,x){var q=0;var z="";var s=[];function u(){if(y.length&&w.length){if(y[0].offset!=w[0].offset){return(y[0].offset<w[0].offset)?y:w}else{return w[0].event=="start"?y:w}}else{return y.length?y:w}}function t(D){var A="<"+D.nodeName.toLowerCase();for(var B=0;B<D.attributes.length;B++){var C=D.attributes[B];A+=" "+C.nodeName.toLowerCase();if(C.value!==undefined&&C.value!==false&&C.value!==null){A+='="'+m(C.value)+'"'}}return A+">"}while(y.length||w.length){var v=u().splice(0,1)[0];z+=m(x.substr(q,v.offset-q));q=v.offset;if(v.event=="start"){z+=t(v.node);s.push(v.node)}else{if(v.event=="stop"){var p,r=s.length;do{r--;p=s[r];z+=("</"+p.nodeName.toLowerCase()+">")}while(p!=v.node);s.splice(r,1);while(r<s.length){z+=t(s[r]);r++}}}}return z+m(x.substr(q))}function j(){function q(x,y,v){if(x.compiled){return}var u;var s=[];if(x.k){x.lR=f(y,x.l||hljs.IR,true);for(var w in x.k){if(!x.k.hasOwnProperty(w)){continue}if(x.k[w] instanceof Object){u=x.k[w]}else{u=x.k;w="keyword"}for(var r in u){if(!u.hasOwnProperty(r)){continue}x.k[r]=[w,u[r]];s.push(r)}}}if(!v){if(x.bWK){x.b="\\b("+s.join("|")+")\\s"}x.bR=f(y,x.b?x.b:"\\B|\\b");if(!x.e&&!x.eW){x.e="\\B|\\b"}if(x.e){x.eR=f(y,x.e)}}if(x.i){x.iR=f(y,x.i)}if(x.r===undefined){x.r=1}if(!x.c){x.c=[]}x.compiled=true;for(var t=0;t<x.c.length;t++){if(x.c[t]=="self"){x.c[t]=x}q(x.c[t],y,false)}if(x.starts){q(x.starts,y,false)}}for(var p in e){if(!e.hasOwnProperty(p)){continue}q(e[p].dM,e[p],true)}}function d(B,C){if(!j.called){j();j.called=true}function q(r,M){for(var L=0;L<M.c.length;L++){if((M.c[L].bR.exec(r)||[null])[0]==r){return M.c[L]}}}function v(L,r){if(D[L].e&&D[L].eR.test(r)){return 1}if(D[L].eW){var M=v(L-1,r);return M?M+1:0}return 0}function w(r,L){return L.i&&L.iR.test(r)}function K(N,O){var M=[];for(var L=0;L<N.c.length;L++){M.push(N.c[L].b)}var r=D.length-1;do{if(D[r].e){M.push(D[r].e)}r--}while(D[r+1].eW);if(N.i){M.push(N.i)}return f(O,M.join("|"),true)}function p(M,L){var N=D[D.length-1];if(!N.t){N.t=K(N,E)}N.t.lastIndex=L;var r=N.t.exec(M);return r?[M.substr(L,r.index-L),r[0],false]:[M.substr(L),"",true]}function z(N,r){var L=E.cI?r[0].toLowerCase():r[0];var M=N.k[L];if(M&&M instanceof Array){return M}return false}function F(L,P){L=m(L);if(!P.k){return L}var r="";var O=0;P.lR.lastIndex=0;var M=P.lR.exec(L);while(M){r+=L.substr(O,M.index-O);var N=z(P,M);if(N){x+=N[1];r+='<span class="'+N[0]+'">'+M[0]+"</span>"}else{r+=M[0]}O=P.lR.lastIndex;M=P.lR.exec(L)}return r+L.substr(O,L.length-O)}function J(L,M){if(M.sL&&e[M.sL]){var r=d(M.sL,L);x+=r.keyword_count;return r.value}else{return F(L,M)}}function I(M,r){var L=M.cN?'<span class="'+M.cN+'">':"";if(M.rB){y+=L;M.buffer=""}else{if(M.eB){y+=m(r)+L;M.buffer=""}else{y+=L;M.buffer=r}}D.push(M);A+=M.r}function G(N,M,Q){var R=D[D.length-1];if(Q){y+=J(R.buffer+N,R);return false}var P=q(M,R);if(P){y+=J(R.buffer+N,R);I(P,M);return P.rB}var L=v(D.length-1,M);if(L){var O=R.cN?"</span>":"";if(R.rE){y+=J(R.buffer+N,R)+O}else{if(R.eE){y+=J(R.buffer+N,R)+O+m(M)}else{y+=J(R.buffer+N+M,R)+O}}while(L>1){O=D[D.length-2].cN?"</span>":"";y+=O;L--;D.length--}var r=D[D.length-1];D.length--;D[D.length-1].buffer="";if(r.starts){I(r.starts,"")}return R.rE}if(w(M,R)){throw"Illegal"}}var E=e[B];var D=[E.dM];var A=0;var x=0;var y="";try{var s,u=0;E.dM.buffer="";do{s=p(C,u);var t=G(s[0],s[1],s[2]);u+=s[0].length;if(!t){u+=s[1].length}}while(!s[2]);if(D.length>1){throw"Illegal"}return{r:A,keyword_count:x,value:y}}catch(H){if(H=="Illegal"){return{r:0,keyword_count:0,value:m(C)}}else{throw H}}}function g(t){var p={keyword_count:0,r:0,value:m(t)};var r=p;for(var q in e){if(!e.hasOwnProperty(q)){continue}var s=d(q,t);s.language=q;if(s.keyword_count+s.r>r.keyword_count+r.r){r=s}if(s.keyword_count+s.r>p.keyword_count+p.r){r=p;p=s}}if(r.language){p.second_best=r}return p}function i(r,q,p){if(q){r=r.replace(/^((<[^>]+>|\t)+)/gm,function(t,w,v,u){return w.replace(/\t/g,q)})}if(p){r=r.replace(/\n/g,"<br>")}return r}function n(t,w,r){var x=h(t,r);var v=a(t);var y,s;if(v){y=d(v,x)}else{return}var q=c(t);if(q.length){s=document.createElement("pre");s.innerHTML=y.value;y.value=k(q,c(s),x)}y.value=i(y.value,w,r);var u=t.className;if(!u.match("(\\s|^)(language-)?"+v+"(\\s|$)")){u=u?(u+" "+v):v}if(/MSIE [678]/.test(navigator.userAgent)&&t.tagName=="CODE"&&t.parentNode.tagName=="PRE"){s=t.parentNode;var p=document.createElement("div");p.innerHTML="<pre><code>"+y.value+"</code></pre>";t=p.firstChild.firstChild;p.firstChild.cN=s.cN;s.parentNode.replaceChild(p.firstChild,s)}else{t.innerHTML=y.value}t.className=u;t.result={language:v,kw:y.keyword_count,re:y.r};if(y.second_best){t.second_best={language:y.second_best.language,kw:y.second_best.keyword_count,re:y.second_best.r}}}function o(){if(o.called){return}o.called=true;var r=document.getElementsByTagName("pre");for(var p=0;p<r.length;p++){var q=b(r[p]);if(q){n(q,hljs.tabReplace)}}}function l(){if(window.addEventListener){window.addEventListener("DOMContentLoaded",o,false);window.addEventListener("load",o,false)}else{if(window.attachEvent){window.attachEvent("onload",o)}else{window.onload=o}}}var e={};this.LANGUAGES=e;this.highlight=d;this.highlightAuto=g;this.fixMarkup=i;this.highlightBlock=n;this.initHighlighting=o;this.initHighlightingOnLoad=l;this.IR="[a-zA-Z][a-zA-Z0-9_]*";this.UIR="[a-zA-Z_][a-zA-Z0-9_]*";this.NR="\\b\\d+(\\.\\d+)?";this.CNR="\\b(0[xX][a-fA-F0-9]+|(\\d+(\\.\\d*)?|\\.\\d+)([eE][-+]?\\d+)?)";this.BNR="\\b(0b[01]+)";this.RSR="!|!=|!==|%|%=|&|&&|&=|\\*|\\*=|\\+|\\+=|,|\\.|-|-=|/|/=|:|;|<|<<|<<=|<=|=|==|===|>|>=|>>|>>=|>>>|>>>=|\\?|\\[|\\{|\\(|\\^|\\^=|\\||\\|=|\\|\\||~";this.ER="(?![\\s\\S])";this.BE={b:"\\\\.",r:0};this.ASM={cN:"string",b:"'",e:"'",i:"\\n",c:[this.BE],r:0};this.QSM={cN:"string",b:'"',e:'"',i:"\\n",c:[this.BE],r:0};this.CLCM={cN:"comment",b:"//",e:"$"};this.CBLCLM={cN:"comment",b:"/\\*",e:"\\*/"};this.HCM={cN:"comment",b:"#",e:"$"};this.NM={cN:"number",b:this.NR,r:0};this.CNM={cN:"number",b:this.CNR,r:0};this.BNM={cN:"number",b:this.BNR,r:0};this.inherit=function(r,s){var p={};for(var q in r){p[q]=r[q]}if(s){for(var q in s){p[q]=s[q]}}return p}}();hljs.LANGUAGES.cpp=function(){var a={keyword:{"false":1,"int":1,"float":1,"while":1,"private":1,"char":1,"catch":1,"export":1,virtual:1,operator:2,sizeof:2,dynamic_cast:2,typedef:2,const_cast:2,"const":1,struct:1,"for":1,static_cast:2,union:1,namespace:1,unsigned:1,"long":1,"throw":1,"volatile":2,"static":1,"protected":1,bool:1,template:1,mutable:1,"if":1,"public":1,friend:2,"do":1,"return":1,"goto":1,auto:1,"void":2,"enum":1,"else":1,"break":1,"new":1,extern:1,using:1,"true":1,"class":1,asm:1,"case":1,typeid:1,"short":1,reinterpret_cast:2,"default":1,"double":1,register:1,explicit:1,signed:1,typename:1,"try":1,"this":1,"switch":1,"continue":1,wchar_t:1,inline:1,"delete":1,alignof:1,char16_t:1,char32_t:1,constexpr:1,decltype:1,noexcept:1,nullptr:1,static_assert:1,thread_local:1,restrict:1,_Bool:1,complex:1},built_in:{std:1,string:1,cin:1,cout:1,cerr:1,clog:1,stringstream:1,istringstream:1,ostringstream:1,auto_ptr:1,deque:1,list:1,queue:1,stack:1,vector:1,map:1,set:1,bitset:1,multiset:1,multimap:1,unordered_set:1,unordered_map:1,unordered_multiset:1,unordered_multimap:1,array:1,shared_ptr:1}};return{dM:{k:a,i:"</",c:[hljs.CLCM,hljs.CBLCLM,hljs.QSM,{cN:"string",b:"'\\\\?.",e:"'",i:"."},{cN:"number",b:"\\b(\\d+(\\.\\d*)?|\\.\\d+)(u|U|l|L|ul|UL|f|F)"},hljs.CNM,{cN:"preprocessor",b:"#",e:"$"},{cN:"stl_container",b:"\\b(deque|list|queue|stack|vector|map|set|bitset|multiset|multimap|unordered_map|unordered_set|unordered_multiset|unordered_multimap|array)\\s*<",e:">",k:a,r:10,c:["self"]}]}}}();hljs.LANGUAGES.r={dM:{c:[hljs.HCM,{cN:"number",b:"\\b0[xX][0-9a-fA-F]+[Li]?\\b",e:hljs.IMMEDIATE_RE,r:0},{cN:"number",b:"\\b\\d+(?:[eE][+\\-]?\\d*)?L\\b",e:hljs.IMMEDIATE_RE,r:0},{cN:"number",b:"\\b\\d+\\.(?!\\d)(?:i\\b)?",e:hljs.IMMEDIATE_RE,r:1},{cN:"number",b:"\\b\\d+(?:\\.\\d*)?(?:[eE][+\\-]?\\d*)?i?\\b",e:hljs.IMMEDIATE_RE,r:0},{cN:"number",b:"\\.\\d+(?:[eE][+\\-]?\\d*)?i?\\b",e:hljs.IMMEDIATE_RE,r:1},{cN:"keyword",b:"(?:tryCatch|library|setGeneric|setGroupGeneric)\\b",e:hljs.IMMEDIATE_RE,r:10},{cN:"keyword",b:"\\.\\.\\.",e:hljs.IMMEDIATE_RE,r:10},{cN:"keyword",b:"\\.\\.\\d+(?![\\w.])",e:hljs.IMMEDIATE_RE,r:10},{cN:"keyword",b:"\\b(?:function)",e:hljs.IMMEDIATE_RE,r:2},{cN:"keyword",b:"(?:if|in|break|next|repeat|else|for|return|switch|while|try|stop|warning|require|attach|detach|source|setMethod|setClass)\\b",e:hljs.IMMEDIATE_RE,r:1},{cN:"literal",b:"(?:NA|NA_integer_|NA_real_|NA_character_|NA_complex_)\\b",e:hljs.IMMEDIATE_RE,r:10},{cN:"literal",b:"(?:NULL|TRUE|FALSE|T|F|Inf|NaN)\\b",e:hljs.IMMEDIATE_RE,r:1},{cN:"identifier",b:"[a-zA-Z.][a-zA-Z0-9._]*\\b",e:hljs.IMMEDIATE_RE,r:0},{cN:"operator",b:"<\\-(?!\\s*\\d)",e:hljs.IMMEDIATE_RE,r:2},{cN:"operator",b:"\\->|<\\-",e:hljs.IMMEDIATE_RE,r:1},{cN:"operator",b:"%%|~",e:hljs.IMMEDIATE_RE},{cN:"operator",b:">=|<=|==|!=|\\|\\||&&|=|\\+|\\-|\\*|/|\\^|>|<|!|&|\\||\\$|:",e:hljs.IMMEDIATE_RE,r:0},{cN:"operator",b:"%",e:"%",i:"\\n",r:1},{cN:"identifier",b:"`",e:"`",r:0},{cN:"string",b:'"',e:'"',c:[hljs.BE],r:0},{cN:"string",b:"'",e:"'",c:[hljs.BE],r:0},{cN:"paren",b:"[[({\\])}]",e:hljs.IMMEDIATE_RE,r:0}]}};
hljs.initHighlightingOnLoad();
</script>

<!-- MathJax scripts -->
<script type="text/javascript" src="https://c328740.ssl.cf1.rackcdn.com/mathjax/latest/MathJax.js?config=TeX-AMS-MML_HTMLorMML">
</script>


<style type="text/css">
body, td {
   font-family: sans-serif;
   background-color: white;
   font-size: 13px;
}

body {
  max-width: 800px;
  margin: auto;
  line-height: 20px;
}

tt, code, pre {
   font-family: 'DejaVu Sans Mono', 'Droid Sans Mono', 'Lucida Console', Consolas, Monaco, monospace;
}

h1 { 
   font-size:2.2em; 
}

h2 { 
   font-size:1.8em; 
}

h3 { 
   font-size:1.4em; 
}

h4 { 
   font-size:1.0em; 
}

h5 { 
   font-size:0.9em; 
}

h6 { 
   font-size:0.8em; 
}

a:visited {
   color: rgb(50%, 0%, 50%);
}

pre, img {
  max-width: 100%;
}

pre code {
   display: block; padding: 0.5em;
}

code {
  font-size: 92%;
  border: 1px solid #ccc;
}

code[class] {
  background-color: #F8F8F8;
}

table, td, th {
  border: none;
}

blockquote {
   color:#666666;
   margin:0;
   padding-left: 1em;
   border-left: 0.5em #EEE solid;
}

hr {
   height: 0px;
   border-bottom: none;
   border-top-width: thin;
   border-top-style: dotted;
   border-top-color: #999999;
}

@media print {
   * { 
      background: transparent !important; 
      color: black !important; 
      filter:none !important; 
      -ms-filter: none !important; 
   }

   body { 
      font-size:12pt; 
      max-width:100%; 
   }
       
   a, a:visited { 
      text-decoration: underline; 
   }

   hr { 
      visibility: hidden;
      page-break-before: always;
   }

   pre, blockquote { 
      padding-right: 1em; 
      page-break-inside: avoid; 
   }

   tr, img { 
      page-break-inside: avoid; 
   }

   img { 
      max-width: 100% !important; 
   }

   @page :left { 
      margin: 15mm 20mm 15mm 10mm; 
   }
     
   @page :right { 
      margin: 15mm 10mm 15mm 20mm; 
   }

   p, h2, h3 { 
      orphans: 3; widows: 3; 
   }

   h2, h3 { 
      page-break-after: avoid; 
   }
}
</style>



</head>

<body>
<div id="toc">
<div id="toc_header">Table of Contents</div>
<ul>
<li>
<a href="#toc_0">Raporty tabelaryczne w R</a>
<ul>
<li>
<a href="#toc_1">1. Wczytanie danych. </a>
</li>
<li>
<a href="#toc_2">2. Funkcja table</a>
</li>
<li>
<a href="#toc_3">3. Funkcja xtabs</a>
</li>
<li>
<a href="#toc_4">4. Funkcja ftable</a>
</li>
<li>
<a href="#toc_5">5. Funkcja summary</a>
</li>
<li>
<a href="#toc_6">6. Funkcje agregujące &ndash; aggregate, by oraz tapply</a>
</li>
<li>
<a href="#toc_7">7. Funkcja dcast(reshape2)</a>
</li>
<li>
<a href="#toc_8">8. Dodanie etykiet do wyników</a>
</li>
</ul>
</li>
</ul>
</div>


<h1 id="toc_0">Raporty tabelaryczne w R</h1>

<p>Zapoznają się Państwo z raportami tabelarycznymi w R. Omówione zostaną funkcje:</p>

<ul>
<li>table, prop.table, xtabs, ftable, summary, by, aggregate</li>
</ul>

<p>Dodatkowe pakiety przyśpieszające pracę z przetwarzaniem tabelarycznym:</p>

<ul>
<li>reshape2, dplyr, data.table</li>
</ul>

<p>oraz pakiety do tworzenia &ldquo;ładnych tabel&rdquo;</p>

<ul>
<li>xtable, hwriter, sjPlot</li>
</ul>

<h2 id="toc_1">1. Wczytanie danych. </h2>

<p>Poniższy kod wcztuje dane Diagnozy Społecznej. Plik .RData zawiera trzy obiekty typu/klasy data.frame:</p>

<ul>
<li>dictionary &ndash; zbiór zawiera nazwy zmiennych</li>
<li>etykiety &ndash; zbiór zawiera etykiety zmiennych</li>
<li>gosp &ndash; zbiór zawiera odpowiedzi respondentów na pytania zadane w diagnozie społecznej.</li>
</ul>

<pre><code class="r">### polecenie setwd ustala domyślny folder
setwd(&#39;C:/Zajecia/&#39;)

### polecenie load wczytuje pliki o rozszerzeniu RData
load(&#39;DiagnozaGosp.RData&#39;)
</code></pre>

<p>Następnie wykorzystamy podstawowe polecenia, które podsumuja wczytany zbiór danych. Poleceniem dim, nrow, ncol otrzymamy odpowiednio informację o wymiarach tabeli, liczbie wierszy oraz liczbie kolumn.</p>

<pre><code class="r">dim(gosp)
</code></pre>

<pre><code>[1] 23804  2109
</code></pre>

<pre><code class="r">nrow(gosp)
</code></pre>

<pre><code>[1] 23804
</code></pre>

<pre><code class="r">ncol(gosp)
</code></pre>

<pre><code>[1] 2109
</code></pre>

<p>Poleceniem head i tail możemy podejrzeć pierwsze i ostatnie 6 wierszy zbioru danych.</p>

<pre><code class="r">head(dictionary)
</code></pre>

<pre><code>              colName                                label LP
1            numer_gd &#39;Numer identyfikacyjny gospodarstwa&#39;  1
2 nr_sztywny_15062013                              (none)   2
3         L_OSOB_2000 &#39;liczba osób w gospodarstwie w 2000&#39;  3
4         L_OSOB_2003 &#39;liczba osób w gospodarstwie w 2003&#39;  4
5         L_OSOB_2005 &#39;liczba osób w gospodarstwie w 2005&#39;  5
6         L_OSOB_2007 &#39;liczba osób w gospodarstwie w 2007&#39;  6
</code></pre>

<pre><code class="r">tail(dictionary)
</code></pre>

<pre><code>               colName                                             label   LP
2104              GGSE                          &#39;Grupa społ.-ekon. 2013&#39; 2104
2105            GNCU13                 &#39;liczba jednostek ekwiwalentnych&#39; 2105
2106     gdoch_m_osoba                         &#39;dochód na osobę miesiąc&#39; 2106
2107     gdoch_r_osoba                         &#39;dochód na osobę miesiąc&#39; 2107
2108 gdoch_r_osoba_ekw           &#39;dochód na jed. ekwiwalentną w 2012 r.&#39; 2108
2109 gdoch_m_osoba_ekw &#39;dochód na jed. ekwiwalentną w ostatnim miesiącu&#39; 2109
</code></pre>

<p>Natomiast polecenie names zwraca nam nazwy kolumn.</p>

<pre><code class="r">names(etykiety)
</code></pre>

<pre><code>[1] &quot;variable&quot; &quot;values&quot;   &quot;labels&quot;   &quot;label&quot;    &quot;LP&quot;      
</code></pre>

<p>W ramach zajęć i pracy w R będziemy posiłkowali się zbiorami dictionary oraz etykiety w celu opisu danych numerycznych, które znajdują się w zbiorze gosp. </p>

<h2 id="toc_2">2. Funkcja table</h2>

<p>Pierwszą funkcją, którą poznamy jest służy do tworzenia prostych podsumowań tabelarycznych. Możemy z jej pomocą tworzyć zestawienia jedno i wielowymiarowe. Funkcję <strong>table</strong> możemy wykorzystywać w przypadku gdy interesuje nas nieprzeważony wynik. W tym momencie załóżmy, że własnie z taką sytuacją mamy do czynienia. </p>

<p>Istotnym funkcji argumentem jest <em>useNA</em>, który domyślnie przyjmuje wartość &#39;no&#39; co oznacza, że braki danych nie będą wyświetlane w podsumowaniu.</p>

<pre><code class="r">### składnia polecenia table
table(..., exclude = if (useNA == &quot;no&quot;) c(NA, NaN), useNA = c(&quot;no&quot;,
    &quot;ifany&quot;, &quot;always&quot;), dnn = list.names(...), deparse.level = 1)
</code></pre>

<p>Wykonajmny prostą tabelę częstości dla zmiennej WOJEWODZTWO. </p>

<pre><code class="r">table(gosp$WOJEWODZTWO,dnn=&#39;Województwa&#39;,useNA=&#39;ifany&#39;)
</code></pre>

<pre><code>Województwa
   2    4    6    8   10   12   14   16   18   20   22   24   26   28   30   32 &lt;NA&gt; 
1870 1355 1429  786 1694 1719 2820  794 1254  883 1363 2740 1030 1068 1886 1112    1 
</code></pre>

<p>Wynik działania funkcji możemy przypisać do obiektu, poleceniem <em>str</em> możemy zobaczyć jego strukturę, a <em>class</em>  klasę.</p>

<pre><code class="r">tab1&lt;-table(gosp$WOJEWODZTWO,dnn=&#39;Województwa&#39;,useNA=&#39;ifany&#39;)
str(tab1)
</code></pre>

<pre><code> &#39;table&#39; int [1:17(1d)] 1870 1355 1429 786 1694 1719 2820 794 1254 883 ...
 - attr(*, &quot;dimnames&quot;)=List of 1
  ..$ Województwa: chr [1:17] &quot;2&quot; &quot;4&quot; &quot;6&quot; &quot;8&quot; ...
</code></pre>

<pre><code class="r">class(tab1)
</code></pre>

<pre><code>[1] &quot;table&quot;
</code></pre>

<p>Jeżeli dla wielu zmiennych stworzyć oddzielne podsumowania musimy do każdej zmiennej oddzielnie zastosować funckję <em>table</em>. Warto skorzystać w tym miejscu z rodziny funkcji *<em>apply</em>, a w szczególności z <em>lapply</em> oraz <em>sapply</em>.</p>

<pre><code class="r">### możemy skorzystać z poniższego kodu:
table(gosp$WOJEWODZTWO)
</code></pre>

<pre><code>
   2    4    6    8   10   12   14   16   18   20   22   24   26   28   30   32 
1870 1355 1429  786 1694 1719 2820  794 1254  883 1363 2740 1030 1068 1886 1112 
</code></pre>

<pre><code class="r">table(gosp$KLASA_MIEJSCOWOSCI)
</code></pre>

<pre><code>
   1    2    3    4    5    6 
2563 2551 2010 4953 3198 8524 
</code></pre>

<pre><code class="r">### lub dla poszczególnych zmiennych wykorzystać rodzinę funkcji apply (wszystkie zwrócą ten sam wynik)
apply(gosp[,c(&#39;WOJEWODZTWO&#39;,&#39;KLASA_MIEJSCOWOSCI&#39;)],MARGIN=2,table)
</code></pre>

<pre><code>$WOJEWODZTWO

   2    4    6    8   10   12   14   16   18   20   22   24   26   28   30   32 
1870 1355 1429  786 1694 1719 2820  794 1254  883 1363 2740 1030 1068 1886 1112 

$KLASA_MIEJSCOWOSCI

   1    2    3    4    5    6 
2563 2551 2010 4953 3198 8524 
</code></pre>

<pre><code class="r">lapply(gosp[,c(&#39;WOJEWODZTWO&#39;,&#39;KLASA_MIEJSCOWOSCI&#39;)],table)
</code></pre>

<pre><code>$WOJEWODZTWO

   2    4    6    8   10   12   14   16   18   20   22   24   26   28   30   32 
1870 1355 1429  786 1694 1719 2820  794 1254  883 1363 2740 1030 1068 1886 1112 

$KLASA_MIEJSCOWOSCI

   1    2    3    4    5    6 
2563 2551 2010 4953 3198 8524 
</code></pre>

<pre><code class="r">sapply(gosp[,c(&#39;WOJEWODZTWO&#39;,&#39;KLASA_MIEJSCOWOSCI&#39;)],table)
</code></pre>

<pre><code>$WOJEWODZTWO

   2    4    6    8   10   12   14   16   18   20   22   24   26   28   30   32 
1870 1355 1429  786 1694 1719 2820  794 1254  883 1363 2740 1030 1068 1886 1112 

$KLASA_MIEJSCOWOSCI

   1    2    3    4    5    6 
2563 2551 2010 4953 3198 8524 
</code></pre>

<p>Natomiast jeżeli interesuje nas stworzenie tablicy dwu i wielowymiarowej możemy wypisać poszczególne zmienne w funkcji table. W wyniku otrzymamy tabelę krzyżową dla określonych przekrojów.</p>

<pre><code class="r">### podajemy dwa wymiary (1=wiersze,2=kolumny)
table(gosp$WOJEWODZTWO,gosp$KLASA_MIEJSCOWOSCI)
</code></pre>

<pre><code>
       1   2   3   4   5   6
  2  412   0 163 441 315 539
  4    0 365  96 176 227 490
  6    0 276   0 276 173 702
  8    0   0 205 133 193 255
  10 524   0   1 475 155 539
  12 438   1  61 225 196 798
  14 841 141  62 478 321 976
  16   1   0 141 175 159 318
  18   0   0 137 300 150 667
  20   0 243   0 191 123 326
  22   4 461  25 329 146 398
  24   9 570 679 686 180 616
  26   2 207  10 209 136 466
  28   0   1 270 211 202 384
  30 329   0  72 438 311 736
  32   3 286  88 210 211 314
</code></pre>

<pre><code class="r">### lub równoważnie (przy czym automatycznie naniesone zostaną etykiety dla wierszy i kolumn)
table(gosp[,c(&#39;WOJEWODZTWO&#39;,&#39;KLASA_MIEJSCOWOSCI&#39;)])
</code></pre>

<pre><code>           KLASA_MIEJSCOWOSCI
WOJEWODZTWO   1   2   3   4   5   6
         2  412   0 163 441 315 539
         4    0 365  96 176 227 490
         6    0 276   0 276 173 702
         8    0   0 205 133 193 255
         10 524   0   1 475 155 539
         12 438   1  61 225 196 798
         14 841 141  62 478 321 976
         16   1   0 141 175 159 318
         18   0   0 137 300 150 667
         20   0 243   0 191 123 326
         22   4 461  25 329 146 398
         24   9 570 679 686 180 616
         26   2 207  10 209 136 466
         28   0   1 270 211 202 384
         30 329   0  72 438 311 736
         32   3 286  88 210 211 314
</code></pre>

<p>W przypadku trzech i więcej wymiarów należy dodawać kolejne zmienne (po przecinku) w poleceniu table. UWAGA kolejność ma znaczenie przy wyświetlaniu wyników! Poniżej przedstawione są wyniki w podziale na zmienną F10. Czy Pana(i) gospodarstwo domowe ma obecnie do spłacenia pożyczki lub kredyty?, która przyjmuje wartości 1 dla TAK oraz 2 dla NIE.</p>

<pre><code class="r">table(gosp[,c(&#39;WOJEWODZTWO&#39;,&#39;KLASA_MIEJSCOWOSCI&#39;,&#39;GF10&#39;)])
</code></pre>

<pre><code>, , GF10 = 1

           KLASA_MIEJSCOWOSCI
WOJEWODZTWO   1   2   3   4   5   6
         2   84   0  37  87  58 112
         4    0  62  17  23  39  91
         6    0  47   0  51  35 158
         8    0   0  39  27  37  57
         10  95   0   0  86  20 115
         12  63   0   9  28  22 128
         14 138  21  12  77  41 189
         16   0   0  25  38  30  56
         18   0   0   8  40  24 113
         20   0  32   0  29  23  60
         22   1  90   0  71  35 100
         24   1  77 148 139  31 119
         26   0  28   2  13  19  94
         28   0   0  55  38  33  86
         30  52   0   7  64  56 157
         32   0  40  11  32  36  60

, , GF10 = 2

           KLASA_MIEJSCOWOSCI
WOJEWODZTWO   1   2   3   4   5   6
         2   90   0  40 128 106 158
         4    0  83  21  47  67 203
         6    0  74   0  96  56 292
         8    0   0  61  38  54  79
         10 150   0   1 136  56 209
         12 139   1  16  72  70 347
         14 193  59  20 156 101 423
         16   0   0  32  44  49 131
         18   0   0  31  94  50 329
         20   0  92   0  68  41 143
         22   1 117   2  91  54 130
         24   0 154 209 230  65 259
         26   1  54   7  91  57 212
         28   0   1  70  71  77 162
         30  79   0  19 158  92 262
         32   0  75  17  65  62  98
</code></pre>

<p>Funkcja <em>table</em> domyślnie zwraca wartości liczbowe. Jeżeli chcielibyśmy otrzymać wyniki w procentach musimy zastosować funkcję <em>prop.table</em>. </p>

<pre><code class="r">tab1&lt;-table(gosp[,c(&#39;WOJEWODZTWO&#39;,&#39;KLASA_MIEJSCOWOSCI&#39;)])
### procent z ogółu
prop.table(tab1)
</code></pre>

<pre><code>           KLASA_MIEJSCOWOSCI
WOJEWODZTWO         1         2         3         4         5         6
         2  1.731e-02 0.000e+00 6.849e-03 1.853e-02 1.324e-02 2.265e-02
         4  0.000e+00 1.534e-02 4.034e-03 7.395e-03 9.538e-03 2.059e-02
         6  0.000e+00 1.160e-02 0.000e+00 1.160e-02 7.269e-03 2.950e-02
         8  0.000e+00 0.000e+00 8.614e-03 5.588e-03 8.110e-03 1.071e-02
         10 2.202e-02 0.000e+00 4.202e-05 1.996e-02 6.513e-03 2.265e-02
         12 1.840e-02 4.202e-05 2.563e-03 9.454e-03 8.236e-03 3.353e-02
         14 3.534e-02 5.925e-03 2.605e-03 2.008e-02 1.349e-02 4.101e-02
         16 4.202e-05 0.000e+00 5.925e-03 7.353e-03 6.681e-03 1.336e-02
         18 0.000e+00 0.000e+00 5.757e-03 1.261e-02 6.303e-03 2.803e-02
         20 0.000e+00 1.021e-02 0.000e+00 8.026e-03 5.168e-03 1.370e-02
         22 1.681e-04 1.937e-02 1.050e-03 1.382e-02 6.135e-03 1.672e-02
         24 3.782e-04 2.395e-02 2.853e-02 2.882e-02 7.563e-03 2.588e-02
         26 8.404e-05 8.698e-03 4.202e-04 8.782e-03 5.715e-03 1.958e-02
         28 0.000e+00 4.202e-05 1.135e-02 8.866e-03 8.488e-03 1.614e-02
         30 1.382e-02 0.000e+00 3.025e-03 1.840e-02 1.307e-02 3.093e-02
         32 1.261e-04 1.202e-02 3.698e-03 8.824e-03 8.866e-03 1.319e-02
</code></pre>

<pre><code class="r">### margin=1, procent z wiersza
prop.table(tab1,margin=1)
</code></pre>

<pre><code>           KLASA_MIEJSCOWOSCI
WOJEWODZTWO         1         2         3         4         5         6
         2  0.2203209 0.0000000 0.0871658 0.2358289 0.1684492 0.2882353
         4  0.0000000 0.2695716 0.0709010 0.1299852 0.1676514 0.3618907
         6  0.0000000 0.1934128 0.0000000 0.1934128 0.1212334 0.4919411
         8  0.0000000 0.0000000 0.2608142 0.1692112 0.2455471 0.3244275
         10 0.3093270 0.0000000 0.0005903 0.2804014 0.0914994 0.3181818
         12 0.2547993 0.0005817 0.0354857 0.1308901 0.1140198 0.4642234
         14 0.2983327 0.0500177 0.0219936 0.1695637 0.1138702 0.3462221
         16 0.0012594 0.0000000 0.1775819 0.2204030 0.2002519 0.4005038
         18 0.0000000 0.0000000 0.1092504 0.2392344 0.1196172 0.5318979
         20 0.0000000 0.2751982 0.0000000 0.2163080 0.1392978 0.3691959
         22 0.0029347 0.3382245 0.0183419 0.2413793 0.1071167 0.2920029
         24 0.0032847 0.2080292 0.2478102 0.2503650 0.0656934 0.2248175
         26 0.0019417 0.2009709 0.0097087 0.2029126 0.1320388 0.4524272
         28 0.0000000 0.0009363 0.2528090 0.1975655 0.1891386 0.3595506
         30 0.1744433 0.0000000 0.0381760 0.2322375 0.1648993 0.3902439
         32 0.0026978 0.2571942 0.0791367 0.1888489 0.1897482 0.2823741
</code></pre>

<pre><code class="r">### margin=2, procent z kolumny
prop.table(tab1,margin=2)
</code></pre>

<pre><code>           KLASA_MIEJSCOWOSCI
WOJEWODZTWO         1         2         3         4         5         6
         2  0.1607491 0.0000000 0.0810945 0.0890369 0.0984991 0.0632332
         4  0.0000000 0.1430811 0.0477612 0.0355340 0.0709819 0.0574847
         6  0.0000000 0.1081929 0.0000000 0.0557238 0.0540963 0.0823557
         8  0.0000000 0.0000000 0.1019900 0.0268524 0.0603502 0.0299155
         10 0.2044479 0.0000000 0.0004975 0.0959015 0.0484678 0.0632332
         12 0.1708935 0.0003920 0.0303483 0.0454270 0.0612883 0.0936180
         14 0.3281311 0.0552724 0.0308458 0.0965072 0.1003752 0.1145002
         16 0.0003902 0.0000000 0.0701493 0.0353321 0.0497186 0.0373064
         18 0.0000000 0.0000000 0.0681592 0.0605694 0.0469043 0.0782496
         20 0.0000000 0.0952568 0.0000000 0.0385625 0.0384615 0.0382450
         22 0.0015607 0.1807134 0.0124378 0.0664244 0.0456535 0.0466917
         24 0.0035115 0.2234418 0.3378109 0.1385019 0.0562852 0.0722665
         26 0.0007803 0.0811446 0.0049751 0.0421966 0.0425266 0.0546692
         28 0.0000000 0.0003920 0.1343284 0.0426004 0.0631645 0.0450493
         30 0.1283652 0.0000000 0.0358209 0.0884313 0.0972483 0.0863444
         32 0.0011705 0.1121129 0.0437811 0.0423985 0.0659787 0.0368372
</code></pre>

<pre><code class="r">### jeżeli chcemy otrzymać bardziej czytelne wyniki możemy pomnożyć wynik razy 100 i wykorzystac funkcję round w celu pokazania dwóch miejsc po przecinku
round(prop.table(tab1,margin=1)*100,2)
</code></pre>

<pre><code>           KLASA_MIEJSCOWOSCI
WOJEWODZTWO     1     2     3     4     5     6
         2  22.03  0.00  8.72 23.58 16.84 28.82
         4   0.00 26.96  7.09 13.00 16.77 36.19
         6   0.00 19.34  0.00 19.34 12.12 49.19
         8   0.00  0.00 26.08 16.92 24.55 32.44
         10 30.93  0.00  0.06 28.04  9.15 31.82
         12 25.48  0.06  3.55 13.09 11.40 46.42
         14 29.83  5.00  2.20 16.96 11.39 34.62
         16  0.13  0.00 17.76 22.04 20.03 40.05
         18  0.00  0.00 10.93 23.92 11.96 53.19
         20  0.00 27.52  0.00 21.63 13.93 36.92
         22  0.29 33.82  1.83 24.14 10.71 29.20
         24  0.33 20.80 24.78 25.04  6.57 22.48
         26  0.19 20.10  0.97 20.29 13.20 45.24
         28  0.00  0.09 25.28 19.76 18.91 35.96
         30 17.44  0.00  3.82 23.22 16.49 39.02
         32  0.27 25.72  7.91 18.88 18.97 28.24
</code></pre>

<p>Domyślnie funkcje nie zwracają marginesów, jeżeli chcemy je dodać to musimy zastosować funkcję <em>addmargins</em>, w której określamy marginesy określamy parametrem margin. Funkcja <em>addmargins</em> umożliwia również określenie funkcji, którą chcemy zastosować do podsumowań (domyślnie jest to suma).</p>

<pre><code class="r">### suma wierszy i kolumn
addmargins(tab1)
</code></pre>

<pre><code>           KLASA_MIEJSCOWOSCI
WOJEWODZTWO     1     2     3     4     5     6   Sum
        2     412     0   163   441   315   539  1870
        4       0   365    96   176   227   490  1354
        6       0   276     0   276   173   702  1427
        8       0     0   205   133   193   255   786
        10    524     0     1   475   155   539  1694
        12    438     1    61   225   196   798  1719
        14    841   141    62   478   321   976  2819
        16      1     0   141   175   159   318   794
        18      0     0   137   300   150   667  1254
        20      0   243     0   191   123   326   883
        22      4   461    25   329   146   398  1363
        24      9   570   679   686   180   616  2740
        26      2   207    10   209   136   466  1030
        28      0     1   270   211   202   384  1068
        30    329     0    72   438   311   736  1886
        32      3   286    88   210   211   314  1112
        Sum  2563  2551  2010  4953  3198  8524 23799
</code></pre>

<pre><code class="r">### podsumowania dla kolumn
addmargins(tab1,margin=1)
</code></pre>

<pre><code>           KLASA_MIEJSCOWOSCI
WOJEWODZTWO    1    2    3    4    5    6
        2    412    0  163  441  315  539
        4      0  365   96  176  227  490
        6      0  276    0  276  173  702
        8      0    0  205  133  193  255
        10   524    0    1  475  155  539
        12   438    1   61  225  196  798
        14   841  141   62  478  321  976
        16     1    0  141  175  159  318
        18     0    0  137  300  150  667
        20     0  243    0  191  123  326
        22     4  461   25  329  146  398
        24     9  570  679  686  180  616
        26     2  207   10  209  136  466
        28     0    1  270  211  202  384
        30   329    0   72  438  311  736
        32     3  286   88  210  211  314
        Sum 2563 2551 2010 4953 3198 8524
</code></pre>

<pre><code class="r">### podsumowania dla wierszy
addmargins(tab1,margin=2)
</code></pre>

<pre><code>           KLASA_MIEJSCOWOSCI
WOJEWODZTWO    1    2    3    4    5    6  Sum
         2   412    0  163  441  315  539 1870
         4     0  365   96  176  227  490 1354
         6     0  276    0  276  173  702 1427
         8     0    0  205  133  193  255  786
         10  524    0    1  475  155  539 1694
         12  438    1   61  225  196  798 1719
         14  841  141   62  478  321  976 2819
         16    1    0  141  175  159  318  794
         18    0    0  137  300  150  667 1254
         20    0  243    0  191  123  326  883
         22    4  461   25  329  146  398 1363
         24    9  570  679  686  180  616 2740
         26    2  207   10  209  136  466 1030
         28    0    1  270  211  202  384 1068
         30  329    0   72  438  311  736 1886
         32    3  286   88  210  211  314 1112
</code></pre>

<h2 id="toc_3">3. Funkcja xtabs</h2>

<p>Funkcja <em>xtable</em> jest przeznaczona do tworzenia tabel krzyżowych (dwu i wymiarowych). Składnia procedury jest nastepujaca:</p>

<pre><code class="r">xtabs(formula = ~., data = parent.frame(), subset, sparse = FALSE,
      na.action, exclude = c(NA, NaN), drop.unused.levels = FALSE)
</code></pre>

<p>Pierwszym parametrem jest formuła, którą konstruuje się w następujący sposób &ndash; po lewej stronie mogą znajdować się liczebności lub inne statystyki (nie jest to wymagane), a po prawej stronie zmienne (rozdzielone symbolem + ). Funkcję możemy zamiennie stosować z table, jak również w momencie gdy posiadamy liczebnosci lub inne statystyki opisowe i chcemy stworzyć na ich podstawie table. </p>

<p>Funkcja umożliwia również zastosowanie tzw. macierzy rzadkich (ang. sparse matrix), które są przydatne gdy utworzone zestawienie zawiera puste przekroje (wartości 0).</p>

<pre><code class="r">### podstawowa wartość
xtabs(~WOJEWODZTWO+KLASA_MIEJSCOWOSCI,data=gosp,sparse=F)
</code></pre>

<pre><code>           KLASA_MIEJSCOWOSCI
WOJEWODZTWO   1   2   3   4   5   6
         2  412   0 163 441 315 539
         4    0 365  96 176 227 490
         6    0 276   0 276 173 702
         8    0   0 205 133 193 255
         10 524   0   1 475 155 539
         12 438   1  61 225 196 798
         14 841 141  62 478 321 976
         16   1   0 141 175 159 318
         18   0   0 137 300 150 667
         20   0 243   0 191 123 326
         22   4 461  25 329 146 398
         24   9 570 679 686 180 616
         26   2 207  10 209 136 466
         28   0   1 270 211 202 384
         30 329   0  72 438 311 736
         32   3 286  88 210 211 314
</code></pre>

<pre><code class="r">### z wykorzystaniem macierzy rzadkich
xtabs(~WOJEWODZTWO+KLASA_MIEJSCOWOSCI,data=gosp,sparse=T)
</code></pre>

<pre><code>16 x 6 sparse Matrix of class &quot;dgCMatrix&quot;
     1   2   3   4   5   6
2  412   . 163 441 315 539
4    . 365  96 176 227 490
6    . 276   . 276 173 702
8    .   . 205 133 193 255
10 524   .   1 475 155 539
12 438   1  61 225 196 798
14 841 141  62 478 321 976
16   1   . 141 175 159 318
18   .   . 137 300 150 667
20   . 243   . 191 123 326
22   4 461  25 329 146 398
24   9 570 679 686 180 616
26   2 207  10 209 136 466
28   .   1 270 211 202 384
30 329   .  72 438 311 736
32   3 286  88 210 211 314
</code></pre>

<p>Proszę zauważyć, że funkcja <em>xtabs</em> w wersji podstawowej ustawia nazwy zmiennych. Niestety, funkcja w przypadku większej liczby wymiarów zwraca wynik podobny jak <em>table</em>.</p>

<h2 id="toc_4">4. Funkcja ftable</h2>

<p>Jeżeli chcemy utworzyć tabelę wielowymiarową warto skorzystać z funkcji <em>ftable</em>. Tabelę możemy stworzyć na dwa sposoby, podając formułę lub numery kolumn dla których tworzymy zestawienie. Składnia procedury jest następująca:</p>

<ul>
<li>w przypadku podania formuły: kolumna1 + kolumna2 &hellip; + kolumnaN ~ wiersz1 + wiersz2 + &hellip; + wierszN</li>
<li>w przypadku podania zbioru: argumenty row.vars oraz col.vars określają układ tabeli. Podane muszą zostać wektory numeryczne, a kolejność cyfr ma znaczenie. Poniżej przykład dla zmiennej GF10 (F10. Czy Pana(i) gospodarstwo domowe ma obecnie do spłacenia pożyczki lub kredyty?, która przyjmuje wartości 1 dla TAK oraz 2 dla NIE).</li>
</ul>

<pre><code class="r">ftable(WOJEWODZTWO~GF10+KLASA_MIEJSCOWOSCI,data=gosp)
</code></pre>

<pre><code>                        WOJEWODZTWO   2   4   6   8  10  12  14  16  18  20  22  24  26  28  30  32
GF10 KLASA_MIEJSCOWOSCI                                                                            
1    1                               84   0   0   0  95  63 138   0   0   0   1   1   0   0  52   0
     2                                0  62  47   0   0   0  21   0   0  32  90  77  28   0   0  40
     3                               37  17   0  39   0   9  12  25   8   0   0 148   2  55   7  11
     4                               87  23  51  27  86  28  77  38  40  29  71 139  13  38  64  32
     5                               58  39  35  37  20  22  41  30  24  23  35  31  19  33  56  36
     6                              112  91 158  57 115 128 189  56 113  60 100 119  94  86 157  60
2    1                               90   0   0   0 150 139 193   0   0   0   1   0   1   0  79   0
     2                                0  83  74   0   0   1  59   0   0  92 117 154  54   1   0  75
     3                               40  21   0  61   1  16  20  32  31   0   2 209   7  70  19  17
     4                              128  47  96  38 136  72 156  44  94  68  91 230  91  71 158  65
     5                              106  67  56  54  56  70 101  49  50  41  54  65  57  77  92  62
     6                              158 203 292  79 209 347 423 131 329 143 130 259 212 162 262  98
</code></pre>

<pre><code class="r">ftable(gosp[,c(&#39;WOJEWODZTWO&#39;,&#39;GF10&#39;,&#39;KLASA_MIEJSCOWOSCI&#39;)],data=gosp,row.vars=c(2,3),col.vars=1)
</code></pre>

<pre><code>                        WOJEWODZTWO   2   4   6   8  10  12  14  16  18  20  22  24  26  28  30  32
GF10 KLASA_MIEJSCOWOSCI                                                                            
1    1                               84   0   0   0  95  63 138   0   0   0   1   1   0   0  52   0
     2                                0  62  47   0   0   0  21   0   0  32  90  77  28   0   0  40
     3                               37  17   0  39   0   9  12  25   8   0   0 148   2  55   7  11
     4                               87  23  51  27  86  28  77  38  40  29  71 139  13  38  64  32
     5                               58  39  35  37  20  22  41  30  24  23  35  31  19  33  56  36
     6                              112  91 158  57 115 128 189  56 113  60 100 119  94  86 157  60
2    1                               90   0   0   0 150 139 193   0   0   0   1   0   1   0  79   0
     2                                0  83  74   0   0   1  59   0   0  92 117 154  54   1   0  75
     3                               40  21   0  61   1  16  20  32  31   0   2 209   7  70  19  17
     4                              128  47  96  38 136  72 156  44  94  68  91 230  91  71 158  65
     5                              106  67  56  54  56  70 101  49  50  41  54  65  57  77  92  62
     6                              158 203 292  79 209 347 423 131 329 143 130 259 212 162 262  98
</code></pre>

<p>Jak możemy zawuważyć wyniki są równoważne. Dodatkowo, jeżeli podamy zmienne poprzez wykorzystanie $ możemy nadać własne nazwy zmiennych.</p>

<pre><code class="r">ftable(gosp$WOJEWODZTWO,gosp$GF10,gosp$KLASA_MIEJSCOWOSCI,row.vars=c(2,3),col.vars=1,
       dnn=c(&#39;Województwo&#39;,&#39;Kredyt&#39;,&#39;KLM&#39;))
</code></pre>

<pre><code>           Województwo   2   4   6   8  10  12  14  16  18  20  22  24  26  28  30  32
Kredyt KLM                                                                            
1      1                84   0   0   0  95  63 138   0   0   0   1   1   0   0  52   0
